
Days              : 0
Hours             : 0
Minutes           : 1
Seconds           : 12
Milliseconds      : 892
Ticks             : 728924447
TotalDays         : 0.000843662554398148
TotalHours        : 0.0202479013055556
TotalMinutes      : 1.21487407833333
TotalSeconds      : 72.8924447
TotalMilliseconds : 72892.4447


